200
4911
1333
5211
7283
29695
11409
22830
21644
4671
28526
25595
13619
31583
26640
24142
6360
23263
9097
12857
19791
25359
30581
22846
14118
13082
24552
4718
16182
24130
31141
17363
15992
30829
27793
2828
23578
19425
23143
16695
4562
7244
9644
30228
19059
6919
9446
9830
20158
28827
5641
12701
29818
32645
26162
21171
17351
17462
8599
8276
1711
30302
8126
22593
30462
20330
16366
31222
32339
6731
18916
29835
15480
28794
18118
27608
18415
18489
26205
22748
23757
14363
17534
2400
28108
5062
8905
17111
19355
17912
27287
3209
22136
3016
2861
25840
28161
29999
2102
26210
4935
20166
19568
7921
28965
22737
5285
8080
16080
28541
1757
1655
12462
2150
18898
2248
27500
10588
12452
16242
11595
15463
20174
15189
8634
25864
2137
9384
4906
15042
29263
27032
28446
3289
6003
16434
20609
4954
29999
32643
1085
12635
17614
5118
15369
11396
25835
4894
25474
32207
30505
12876
19326
8075
1573
9474
8093
31911
18345
9777
23073
25901
20259
12512
10751
11277
17493
11286
32565
21020
29261
3579
12639
25180
17048
14906
29829
25470
30899
8105
4152
677
16834
22828
3293
23405
27780
21975
19272
300
23943
19538
14989
11640
5016
32130
8210
14313
20606
2661
9705